stop000.jpeg 1 138 122 18 16
stop001.jpeg 1 143 119 18 19
stop002.jpeg 1 136 119 19 19
stop003.jpeg 1 164 120 19 19
stop004.jpeg 1 128 118 21 22
stop005.jpeg 1 191 121 24 23
stop006.jpeg 1 76 116 27 25
stop007.jpeg 1 176 118 27 27
stop008.jpeg 1 92 114 30 30
stop009.jpeg 1 170 116 32 32
stop010.jpeg 1 105 112 36 35
stop011.jpeg 1 192 114 41 40
stop012.jpeg 1 127 110 43 43
stop013.jpeg 1 203 109 55 52
stop014.jpeg 1 122 103 55 56
stop015.jpeg 1 150 102 63 63
stop016.jpeg 1 144 96 74 73
stop017.jpeg 1 138 90 86 87
stop018.jpeg 1 128 83 101 104
stop019.jpeg 1 109 70 128 130
